{
 "cells": [
  {
   "cell_type": "code",
   "execution_count": 1,
   "metadata": {
    "collapsed": false
   },
   "outputs": [],
   "source": [
    "%matplotlib inline\n",
    "from numpy import *\n",
    "from pylab import *\n",
    "from numpy.polynomial.polynomial import *\n",
    "from numpy.polynomial.chebyshev import chebgauss\n"
   ]
  },
  {
   "cell_type": "code",
   "execution_count": 2,
   "metadata": {
    "collapsed": false
   },
   "outputs": [],
   "source": [
    "\n",
    "\n",
    "#INTRODUCIAMO chebishev per produrre lo spazio duale\n",
    "\n",
    "def chebyshev_nodes(num_nodes):\n",
    "    #cheb = [0.5*cos((2*(i+1)-1)*pi/(2*x)) + 0.5 for i in range(num_nodes)]\n",
    "    #cheb = array(cheb)\n",
    "    cheb = 0.5 * chebgauss(num_nodes)[0] + 0.5\n",
    "    return sort(cheb)\n",
    "\n",
    "def lagrange_basis(nodes, i):\n",
    "    num = arange(len(nodes))\n",
    "    d = product([ (nodes[i]-nodes[j]) for j in num if j != i], axis=0)\n",
    "    def func(x):\n",
    "        L = product([ (x - nodes[j]) for j in num if j != i], axis=0) / d\n",
    "        return L\n",
    "    return func\n",
    "\n",
    "def lagrange_basis_derivatives(nodes, i):\n",
    "    num = arange(len(nodes))\n",
    "    d = product([ (nodes[i]-nodes[j]) for j in num if j != i], axis=0)\n",
    "    def func(x):\n",
    "        L_deriv = sum( [ product( [ (x - nodes[j]) for j in num if (j != i and j != k) ], axis=0) for k in num if k != i ], axis=0 ) / d\n",
    "        return L_deriv\n",
    "    return func\n",
    "\n"
   ]
  },
  {
   "cell_type": "code",
   "execution_count": 3,
   "metadata": {
    "collapsed": false,
    "scrolled": true
   },
   "outputs": [],
   "source": [
    "from numpy.polynomial.legendre import leggauss\n",
    "\n",
    "dim = 3\n",
    "degree = 5 #grado dei polinomi delle basi \n",
    "\n",
    "num_q = 2 * degree + 1\n",
    "q,w = leggauss(num_q) # Gauss between -1 and 1\n",
    "q = (q+1)/2 # to go back to 0,1\n",
    "w = w/2"
   ]
  },
  {
   "cell_type": "code",
   "execution_count": 4,
   "metadata": {
    "collapsed": false
   },
   "outputs": [],
   "source": [
    "cheb = chebyshev_nodes(degree+1) #Lista nodi chebichev\n",
    "\n",
    "n = degree + 1 # Dim poly space\n",
    "\n",
    "\n",
    "lag_bas=[]\n",
    "lag_bas_deriv=[]\n",
    "V = []\n",
    "V_prime=[]\n",
    "\n",
    "#lagrangian base per i punti chebichev\n",
    "for i in range(len(cheb)):\n",
    "    lag_bas.append(lagrange_basis(cheb,i))\n",
    "    lag_bas_deriv.append(lagrange_basis_derivatives(cheb,i))\n",
    "\n",
    "\n",
    "Vq = zeros((n, len(q)))\n",
    "Vpq = zeros((n, len(q)))\n",
    "\n",
    "    #Le righe di Vq sono le funzioni di base calcolate sui punti di quadratura\n",
    "for i in range(n):\n",
    "    Vq[i] = lag_bas[i](q)\n",
    "    Vpq[i] = lag_bas_deriv[i](q)\n",
    "\n",
    "VVV    = einsum('ij,kl,nm -> inkljm', Vq, Vq, Vq, optimize=True)\n",
    "VVVp   = einsum('ij,kl,nm -> inkljm', Vq, Vq, Vpq, optimize=True)\n",
    "VVpV   = einsum('ij,kl,nm -> inkljm', Vq, Vpq, Vq, optimize=True)\n",
    "VpVV   = einsum('ij,kl,nm -> inkljm', Vpq, Vq, Vq, optimize=True)\n",
    "    #VpVpVp = einsum('ij,kl,nm -> inkljm', Vpq, Vpq, Vpq, optimize=True)\n",
    "\n",
    "VVV  = reshape(VVV,  (prod(VVV.shape[:dim]),  prod(VVV.shape[dim:])))\n",
    "VVVp = reshape(VVVp, (prod(VVVp.shape[:dim]), prod(VVVp.shape[dim:])))\n",
    "VVpV = reshape(VVpV, (prod(VVpV.shape[:dim]), prod(VVpV.shape[dim:])))\n",
    "VpVV = reshape(VpVV, (prod(VpVV.shape[:dim]), prod(VpVV.shape[dim:])))\n",
    "\n",
    "W = einsum('i,j,k -> ijk', w, w, w, optimize=True)\n",
    "W = reshape(W, (prod(W.shape[:dim])))\n",
    "\n",
    "\n",
    "latticeq_points = array([[[[qx,qy,qz] for qz in q] for qy in q ] for qx in q])\n",
    "latticeq_points = latticeq_points.reshape(len(q)*len(q)*len(q),dim)\n",
    "\n",
    "lpoint_x = array([latticeq_points[i,0] for i in range(len(latticeq_points))])\n",
    "lpoint_y = array([latticeq_points[i,1] for i in range(len(latticeq_points))])\n",
    "lpoint_z = array([latticeq_points[i,2] for i in range(len(latticeq_points))])\n"
   ]
  },
  {
   "cell_type": "code",
   "execution_count": 5,
   "metadata": {
    "collapsed": false
   },
   "outputs": [
    {
     "name": "stdout",
     "output_type": "stream",
     "text": [
      "[[[ 0.99556177  0.89344427  0.39417918 -0.39417918 -0.89344427 -0.99556177]\n",
      "  [ 0.89344427  0.80180124  0.35374715 -0.35374715 -0.80180124 -0.89344427]\n",
      "  [ 0.39417918  0.35374715  0.1560699  -0.1560699  -0.35374715 -0.39417918]\n",
      "  [-0.39417918 -0.35374715 -0.1560699   0.1560699   0.35374715  0.39417918]\n",
      "  [-0.89344427 -0.80180124 -0.35374715  0.35374715  0.80180124  0.89344427]\n",
      "  [-0.99556177 -0.89344427 -0.39417918  0.39417918  0.89344427  0.99556177]]\n",
      "\n",
      " [[ 0.89344427  0.80180124  0.35374715 -0.35374715 -0.80180124 -0.89344427]\n",
      "  [ 0.80180124  0.7195583   0.31746233 -0.31746233 -0.7195583  -0.80180124]\n",
      "  [ 0.35374715  0.31746233  0.14006139 -0.14006139 -0.31746233 -0.35374715]\n",
      "  [-0.35374715 -0.31746233 -0.14006139  0.14006139  0.31746233  0.35374715]\n",
      "  [-0.80180124 -0.7195583  -0.31746233  0.31746233  0.7195583   0.80180124]\n",
      "  [-0.89344427 -0.80180124 -0.35374715  0.35374715  0.80180124  0.89344427]]\n",
      "\n",
      " [[ 0.39417918  0.35374715  0.1560699  -0.1560699  -0.35374715 -0.39417918]\n",
      "  [ 0.35374715  0.31746233  0.14006139 -0.14006139 -0.31746233 -0.35374715]\n",
      "  [ 0.1560699   0.14006139  0.06179376 -0.06179376 -0.14006139 -0.1560699 ]\n",
      "  [-0.1560699  -0.14006139 -0.06179376  0.06179376  0.14006139  0.1560699 ]\n",
      "  [-0.35374715 -0.31746233 -0.14006139  0.14006139  0.31746233  0.35374715]\n",
      "  [-0.39417918 -0.35374715 -0.1560699   0.1560699   0.35374715  0.39417918]]\n",
      "\n",
      " [[-0.39417918 -0.35374715 -0.1560699   0.1560699   0.35374715  0.39417918]\n",
      "  [-0.35374715 -0.31746233 -0.14006139  0.14006139  0.31746233  0.35374715]\n",
      "  [-0.1560699  -0.14006139 -0.06179376  0.06179376  0.14006139  0.1560699 ]\n",
      "  [ 0.1560699   0.14006139  0.06179376 -0.06179376 -0.14006139 -0.1560699 ]\n",
      "  [ 0.35374715  0.31746233  0.14006139 -0.14006139 -0.31746233 -0.35374715]\n",
      "  [ 0.39417918  0.35374715  0.1560699  -0.1560699  -0.35374715 -0.39417918]]\n",
      "\n",
      " [[-0.89344427 -0.80180124 -0.35374715  0.35374715  0.80180124  0.89344427]\n",
      "  [-0.80180124 -0.7195583  -0.31746233  0.31746233  0.7195583   0.80180124]\n",
      "  [-0.35374715 -0.31746233 -0.14006139  0.14006139  0.31746233  0.35374715]\n",
      "  [ 0.35374715  0.31746233  0.14006139 -0.14006139 -0.31746233 -0.35374715]\n",
      "  [ 0.80180124  0.7195583   0.31746233 -0.31746233 -0.7195583  -0.80180124]\n",
      "  [ 0.89344427  0.80180124  0.35374715 -0.35374715 -0.80180124 -0.89344427]]\n",
      "\n",
      " [[-0.99556177 -0.89344427 -0.39417918  0.39417918  0.89344427  0.99556177]\n",
      "  [-0.89344427 -0.80180124 -0.35374715  0.35374715  0.80180124  0.89344427]\n",
      "  [-0.39417918 -0.35374715 -0.1560699   0.1560699   0.35374715  0.39417918]\n",
      "  [ 0.39417918  0.35374715  0.1560699  -0.1560699  -0.35374715 -0.39417918]\n",
      "  [ 0.89344427  0.80180124  0.35374715 -0.35374715 -0.80180124 -0.89344427]\n",
      "  [ 0.99556177  0.89344427  0.39417918 -0.39417918 -0.89344427 -0.99556177]]]\n"
     ]
    }
   ],
   "source": [
    "import scipy.sparse.linalg\n",
    "\n",
    "# -------------------------------------------------\n",
    "\n",
    "A = einsum('jq, iq, q -> ij', VVVp, VVVp, W, optimize=True)\n",
    "A += einsum('jq, iq, q -> ij', VVpV, VVpV, W, optimize=True)\n",
    "A += einsum('jq, iq, q -> ij', VpVV, VpVV, W, optimize=True)\n",
    "\n",
    "M = einsum('jq, iq, q -> ij', VVV, VVV, W, optimize=True)\n",
    "\n",
    "\n",
    "    # -------------------------------------------------\n",
    "    \n",
    "my_f = lambda x,y,z: (3*(pi**2) + 1)*cos(pi*y)*cos(pi*x)*cos(pi*z)\n",
    "\n",
    "RHS = einsum('iq, q, q -> i', VVV, W, my_f(lpoint_x,lpoint_y,lpoint_z), optimize=True)\n",
    "\n",
    "    # -------------------------------------------------\n",
    "\n",
    "\n",
    "P = diag( diag(A + M) ) # Preconditioner\n",
    "\n",
    "invP = linalg.inv(P)\n",
    "\n",
    "u_fe = scipy.sparse.linalg.cg( A + M, RHS, M = invP)\n",
    "\n",
    "u_fe = array(u_fe[0])\n",
    "\n",
    "Vcheb = zeros((n, len(cheb)))\n",
    "\n",
    "for j in range(degree + 1):\n",
    "    Vcheb[j] = lag_bas[j](cheb)\n",
    "\n",
    "C = einsum('is, jk, nm -> skmijn', Vcheb, Vcheb, Vcheb, optimize=True)\n",
    "\n",
    "#print C.shape\n",
    "#print u_fe.reshape((n, n, n)).shape\n",
    "\n",
    "sol = einsum('skmijn, ijn', C, u_fe.reshape((n, n, n)), optimize=True)\n",
    "\n"
   ]
  },
  {
   "cell_type": "code",
   "execution_count": 6,
   "metadata": {
    "collapsed": false
   },
   "outputs": [
    {
     "data": {
      "image/png": "iVBORw0KGgoAAAANSUhEUgAAAWQAAADuCAYAAAAOR30qAAAABHNCSVQICAgIfAhkiAAAAAlwSFlz\nAAALEgAACxIB0t1+/AAAIABJREFUeJzsnXl8I/V5/z9z6JZ839f6xPbeJ+uFZAllIbAkwJKmTaFN\n04Rw5ZfShJIf/SXN1RwQCLkgpCEkUJJCc9HNwnKX0Gxgb/ZiL1vyLVu2bEnWLc3x+8OZYXTPSOO1\n7Mz79fKLRZ75zkgefeY7z/d5Pg/B8zw0NDQ0NBYfcrFPQENDQ0NjHk2QNTQ0NIoETZA1NDQ0igRN\nkDU0NDSKBE2QNTQ0NIoETZA1NDQ0igRNkDU0NDSKBE2QNTQ0NIoETZA1NDQ0igRa4fZaWZ+GhoaG\ncgg5G2kzZA0NDY0iQRNkDQ0NjSJBE2QNDQ2NIkETZA0NDY0iQRNkDQ0NjSJBE2QNDQ2NIkETZA0N\nDY0iQRNkDQ0NjSJBE2QNDQ2NIkETZA0NDY0iQRNkDQ0NjSJBE2QNDQ2NIkGpuZCGRlZ4ngfLsgAA\niqJAELI8VTQ0NKAJsoZKcBwHlmXBMAyi0aj4OkEQoChK/CFJEiRJgiAITaw1NJLQBFmjIDiOA8Mw\n4qyYIAhRcHl+3q1VEGoAmJychNVqhc1mA0mSoCgKNE1rQq2hAU2QNfKA53nwPI94PI6BgQHU1tbC\narUmiDAAUVilAhuJRGA0GkEQhDirjsViCftoQq3x54omyBqy4XlenBFzHAdgXmA5jlMkljzPZxRY\n4RjJQg0gIfQhhD80odZYTmiCrJGTZCEWRFCYzUpnxbnIJZ5yhFoQdAGpQCfHqTU0lhKaIGtkRMiY\nYBgmYVYrFToh9CCX5LCGkv2UCrUg0ARBQKfTaUKtUfRogqyRQjohJsn0KetKBTZfQc42XiahFuLc\nR44cwaZNm8TfCUKdLvNDQ2Mx0QRZQ4TneTFjIpcQC6QT2FzCpqYgZ0Iq1ELqnfTYDMMgHo8n7KMJ\ntcZiowmyhijEQmqaHCEWyCeGfCEEOdvxpf8VyCbUgqBLsz60oheNhUAT5D9jpMUcQObH/2zkE0Mu\nRnIJdXIIh+f5rDPqYn2fGsWNJsh/hggZE+fPn0dHR0dBApJuxpu8uJZr+2JGrlAn7+P3+1FZWakJ\ntYYiNEH+M0G6yCXMaKemptDV1VXQuEstZKEWuYT63LlzCQuJwrZa0YtGNjRBXuakK+ZIl76WL5lC\nFplmyctFkDORbiFRQCt60ciFJsjLlGzFHMnbFfKlT1cunUt0l7MgZ6OQohdp6EPL/Fi+aIK8zJBT\nzCEgCKeaguz3+zEyMgKdTgeLxQKLxQKTyZQwc1zugqz0/RVS9KKl6C0vNEFeJigp5hAgSRIcx8lO\nccs2hs/ng8PhAMuyaGhoAMMw8Pv9mJycRDgcBkmSMJvNYFkWNE0jHA6LJkPLjUJvcgJyil5isZi4\njd/vh06ng81m04R6iaIJ8hInn2IOAUFMCyEUCsHlcsFisaC9vR1lZWWIxWIposSyLEKhEJxOJ0Kh\nEPr7+xGJREShFmbTFotlyQu1WoKciUxC7fF4YDabYTKZtKKXJYomyEuUQoo5BPIVZJ7nMTs7C4fD\nAYZhUFVVhd7e3qz7UBQFm82G0tJSGI1GrFixAsC7Qh0MBuHz+eB0OkWhloq0xWKBwWBYEgKyWCEZ\nnudFsU13PpmqE0mSBE3TmlAXAZogLzE4joPf7xdnOoWsxCsVZJ7n4Xa74XA4YDKZ0NvbC7/fj3A4\nLHuM5BiyINQ2my1hO0GoA4EAPB4PxsbGEI1Gl4xQL8b5ZAo/aUUvSwdNkJcI0s4c/f39aGlpQWlp\naUFjyhVknucxNTWFwcFBWK1WrFmzBmazGQAQDAYXpFIvm1AHg0EEg8EEoaYoCmazGVarVRRqvV6/\nKOKx0CGLTCj1pc636CXTjFoT6sLRBLmISVfMIeS3Fhr7FcbKlZ42OTmJoaEhlJaWYt26dTCZTIrG\nUHrMXFAUhZKSEpSUlCS8zjCMGPqYnZ3F6OioKNSRSASjo6MXTKiFGeaFhuO4lNznfMgl1BzHJfRN\n9Hg8MBgM4mKiVvSSP5ogFyHZijmAeVESetgVQqYZMsdxmJiYwPDwMCoqKrBhwwYYjca0Y2Rye8sk\nuguV9kbTdEahPnz4MCiKwszMDEZGRhCLxUDTNCwWi7igaLVaodPpVBGPpTJDVkomofb5fCgtLYXF\nYtGKXgpEE+QiQm4xhxrZEenG4TgO4+PjGBkZQXV1NTZv3gy9Xp9zjGIunRYerRsaGhJeZxhGDH3M\nzMxgeHgY8XhcFGrpT67PIJmFFsZMLNbMnGXZtIuJwjkJudTS14QnPa3oJRFNkIsAJcUcgPozZJZl\nMTo6ivHxcdTW1uLiiy+GTqeTNYZStzegOCr1aJpGaWlpShw+Ho+LQj09PY2hoaG0Qi3MqNOxmDPk\nxRTkdGhFL8rQBHkRyaeYA1BvhgwATqcTZ8+eRX19PbZu3QqaVnZJ5BNDLmZ0Oh3KyspQVlaW8Hom\noZZWJAo/i3XDWSxBzid2rbToBfjzEGpNkBeBQoo5gPkLs5AZcjwex/DwMJxOJ6qrq9HX15f3YtCF\nXtRbLLIJdSAQQDAYhMvlQjAYRCwWE+1NpUIt96kjX4pxhqyUbEINJOZS8zwPp9OJ5ubmZSPUmiBf\nQNQo5gDmQxbJCf5yiMViGBoawvT0NJqbm9HS0gKLxVLQl6nYY8gLjU6nQ3l5OcrLy8XXAoEAhoaG\nUF1dnSDUDMNAp9MlpOZZLBbFTyWZWA6CnIl0C4rxeBxutxvNzc0Zi16+973v4d57713wm6FaaIJ8\nARBiZQMDA2htbS14hVlI5ZJLNBrF4OAgZmdn0dLSgm3btoEkSQwNDRUc+pDGkFmWxdjYGEZHRwEA\nRqMxQXzMZvOyE+R0CBVzyUItPIoLoY/JyUlRqPV6fUroQ6lQL2dBTgfDMKBpOqOLIQD85je/wec/\n//kLfm75ognyAiIt5gCAyclJtLe3Fzyu3BhyOBzG4OAgvF4v2tra0N3dnRKTU0uQh4eHMTY2hrq6\nOmzatAkEQSAajSIYDCIQCMDtdiMUColhGqHIJNkNbjmQKduBIAjo9Xro9foUoY7FYqJQT0xMIBgM\ngmVZGAyGhNQ8s9mcVaj/nAphBKOqdEhv/Evp2tIEWWUyFXMIF4UaF2+uLItQKASHwwG/34/29nb0\n9vZmtd/MF5ZlMTExAbfbjZKSEnFRULgJmUwmmEwmVFVVifv4fD6xSCMQCKS4wQnCo1ZJ9GLMxpX+\njQmCgMFggMFgQEVFRcI4UqEeHx8Xb2oGgyFlRr2YLIboCTPkXGiC/GdIrmIO4F0hLTRmmGlmGwgE\n4HA4EA6H0d7ejlWrVmW9GEmSzCsWzbIsRkZGMD4+jurqapSVlcme+Qsr5TU1NSljCpV2Xq8X4+Pj\niEQioCgqJd1MaV7whUatDJhsQi08fUiFOhgM4vjx4wmfldlsXpRwglKiMzMITUwgND4+/1+nEwCw\n5nOfA5nh+5JLkBmGWRLvXYomyAUit5gDWDhB9vv9sNvtiMfjaG9vR0VFhaxZgdKQBcMwYr5yY2Mj\n+vr6wDAM3nnnHdljZJqVZ/KuEEqiA4FASqVd8uJYsSzcXAj7TaPRCKPRiMrKSvH1gwcPoru7WxTq\nsbEx0WvEaDQmfFZqCnW2pxAuHkd4chIhp/Pdn4kJhCX/H56cBJu0JmKoqMCVL76YUYyB3IIsVBAu\nJTRBzhOlxRyAegUdwjg+nw92ux0cx6GjoyMhLikHuYLMMAxGRkbgdDrR2NiIbdu2iV9mISacjFo9\n9TKVRAuLY4FAICGLQVgcE8RaMEG60CzGY3ImoeZ5HpFIRBTq2dlZhEIhVYRa+reMDZ3B8YcfR3Bs\nTBTbyPQ0oDBsRFutuPw3v0FZT0/W7XLNgOfm5lLSFIsdTZAVkm8xBzAvpMnuWfng9/sxMzMDlmXR\n0dGR9ywglyALQjwxMZEixNIxlMZp1YjrpssLThdzFf594sSJlEf5hcpIWKxFrkwQBJE2np9NqE0m\nU4pQp/u8OI6DgQmB//UX8OqDL2L29PmCzpU0GPC+p59GVVLH7nQwDJNidiXF6/VqM+TlSqHFHMD8\nbC/fGbJgCm+320HTNMxmMzZu3JjXWAKZBJlhGAwPD2NychJNTU1ZC0eUlk4v9KN8csyV53kcOnQI\nXV1dCd4VoVAIABKEx2q1qpLxsRiCnM9NLptQh8NhMVTkdrsRDofB83zijNpkgvXtp7Fq73fwwhvW\ngsWYoGm894knUHfZZbK2zxX+00IWyxC1ijmA/EIWPM9jenoag4ODMJlMWLlyJYxGI44cOZLXOUhJ\nFmShgs/lcuUUYoGlUKmXSXg4jkMkEhEr7aampkSz/eQMBiVtpRZLkNU6JkEQMJvNMJvNaYU6GAyC\n79+Hkte/Dn56HP/9egUig4WJMQgC2x55BM3XXit7FzkxZC1ksUwQijnsdjtqa2tVmTkpEWSe5+Fy\nuTA4OAibzZZgCs9xnKpub1Ihbm5uFgtH5I5R7IKcCSHVLjnOzHGcODtM11Yqlwn+YgjyhSgKIQgC\nlrgPFS/9K3RHf4kIUYL/3t9YuBgD2HzffWj/m79RtI8myH8GJBdzBAIBVFRUqLI4JEeQOY4TTeHL\ny8vTehGrJWocx8Hr9eLgwYOKhVhKOj/kTBSTIGeCJElYrVZYrdaE17NlfEiFOh6PLz9BZmLQv/EI\n9K8+ACIaQJS0Yc9bDfCcPlvw0L3//M/ovv125aeUQ5C9Xi+am5sLObULjibIyF7MIRQ6qEE2QeY4\nDk6nEyMjI6isrMSmTZtgMBjSblvolz0Wi4kxYpqmsXXr1ry/zErPZSnEVjORK+NDCHvMzs6CYRh4\nPJ6E+HShviHZWEhBpk6/BOPue0FO2wEAUdKG3+1vgvvkmYLHrr/5ZhhuvBGHDx8GgJQO5NmeTLUs\ni2WGnGKOQhbikklnCsSyLMbHxzE6OoqamhpZpvD5IjUXWrFiBTZs2ID+/n5Vv8hC/71wOAybzZbW\nk2ExYsgLSXLGx8TEBOLxOOrq6sT4tLTKTrowplbGx0IIMjFth3H3vaBPvyS+FiWs2HOgGe4Tpwse\nv/3mm7Hthz8U/z5CqCgYDMLv94tVnEJMO1moc9l+zs3NaYt6SwEhdY1l2ZzFHGrPkAVTIKkpfF1d\nnSJTeKXEYjEMDg5iZmYmwVwoEomoVlUmCLHD4YDNZoPJZMLk5CQCgUCCCBmNRvEGuBhGOBcCwctC\nr9ejoqIibZWdINRCqhnP8ympZiaTSfZnpOrnGQ1C/8oD0L/xMAj23XZMMcKC5w6twPRx+YVAmWj+\n4AfR9/DDKd4q6UJFmYQ6FArhzJkzGRdftRhykZNPMYfaghyLxeBwOMQii3xM4eUSjUYxNDSEmZkZ\nrFixAl1dXQlfWjXMhYRQz/79+1FSUoL169dDr9cjHo+Lx5KKkN/vRzgcFrNEkv0rlGQzFCvZFvWk\nxRuZMhgCgUBCxkdyN+10n5Fagkwf+S8YnvsSSJ8z4fUYYcGew62YOiZfjEmahK2mDLbqElgrLbCU\nGmEu0QMVzWj6f4+AlBm+ySTUBw4cQEtLS8riazQaxSOPPAKv14tjx46hvLwcLS0tWa+rF198EXfd\ndRdYlsUtt9yCe++9N+H3DzzwAH7xi18AmA+VnDlzBtPT06ioqEBra2tCg1ch/JIPfxaCXEgxB03T\n4hejEOLxOCYnJzE1NYXOzs60RRZKyfTFl9pttra2pgixQCGCzPM83G437HY7GIbBxRdfLCbpJ4d4\npCJUXl6O2dlZbNq0CRzHIRwOIxAIYG5uTvxCSf0rhC9isZRFyyGf3nbSVLPq6mrxdensMFvGB8uy\nBd3IyPETMPz2HtCDb6X8LkaY8dLpi8DNTaBtaycs5WaYS40wW2mQZBwmI2A1U9ATUdB8BDQTABmd\nAxGdA8HPAphNGC/0918Gm2F9RC7CtZ9OqIWF1s9//vM4efIknn32WZSUlOCpp55KOxbLsvjUpz6F\nV155BU1NTdiyZQuuu+46rFy5UtzmnnvuwT333AMA2LNnD77zne8kPPm8/vrrCTfYfFnWgqxGDnGh\n1XVCuMDtdqOmpgbV1dVYsWJF3uMJCNkK0i9hNBqFw+GAx+NBa2trit1mMvkIMs/zmJmZgd1uh9ls\nxtq1a3Hs2LGsFVPpxhCOn86pTJrNkNwuSfgCCvsVo3mMmmlv0tlhbW2t+DrLsgkVdh6PR6y6S15I\nzHozC87AsPffoNv/BAg+8VrgKRLsFReDmNLjg/z/Ar3p3iyA8J9+ZMD07ADbvk3exlnI5sGs1+ux\nbds2xONxfOtb38p5jRw8eBCdnZ2iQdZHPvIR7N69O0GQpTz99NP4G4UpenJZloKcTojz/YLku6gX\niUQwODgIj8cjhgvC4TD6+/vzOo9khIwNIRYsHKutrQ09PT2y3q+SFDShUnBgYAAmkykhLzrduNmO\nmYtM2QyxWCxhkUwwzhFir1L/isUMe1yIPGSKohI+I7fbDZ/Ph5aWloSMj0AgkNKpxGq1wmw0wHTw\nSRhe+BqIsDfx/AkC7F9sAdnpAuGbBPXqqGrnHb3mX1UZJ1fKm/Smn4vx8fGE9LimpiYcOHAg7bah\nUAgvvvgiHn74YfE1giCwY8cOUBSF2267Dbfeeqvct5HCshJkoZjD4XCIMaNCvxhKY8jhcBgOhwNz\nc3NobW1NEEe1zIWA+QtNEHifz6dIiAXkbivMiI1GI1avXl2Q924heciZFskyxV4FcWYYBtFoNG0R\nx0KwWJV6JElm7P0nvZn5Dz+H0n3fgtHrSByDANjLtoDsdoNmDwIswB7dCIIbUuUc42uuA9e8QZWx\n5LgmqvH9T2bPnj249NJLE67Bffv2obGxEVNTU7jyyivR09OD7du35zX+shDk5GIOp9OJ1tZWVcaW\nK8jBYBAOhwPBYBDt7e1YuXJlysWgliALAnTy5El0dHRkNKAvFME7Q6/XY+XKlSmxunxQ+zyzxV6F\nVXmGYXD27FlEo9GUIg6r1ar6oupiCLLwtJQJvV6PSjKMhtf/Fbpjv035fXDrGpC9XpjoQ8CfLtGQ\nswfm80dVOT+eIBG75guqjAXkniEL2VNyaGxsFNuOAcDY2BgaGxvTbvvMM8+khCuEbWtqarBr1y4c\nPHjwz1OQBXevTDnEapBLkAOBAOx2OyKRCNrb21FVVZXxHAoVZOns22g0YuXKlSn+wWrg8XgwMDAA\nnU6H3t5eVYT4QkOSpJgH7XQ6sW7dOgCJRRwulwsOhwMMw4gdOKTx6XyzFhZzhpwWJgr969+D/rWH\nQMRCCb9iL90IrArAwp1MGo8AfSiq2vkxGz8Mri67naai8XII8tzcnOzvxpYtW9Df34/BwUE0Njbi\nmWeewX/+53+mbOfz+fDGG2/g5z//ufiaEDaz2WwIBoN4+eWX8cUvflH5G/oTS1qQhYs+nRAr+VIw\nkQjcZ84gHgqBCYUQD4fBhMOIh0KIhUJwnDuHyAsvzL8eCiEeCoGgSFRuWANy41bZpvD5WFUCqS2Z\nVq5ciXfeeUe1HGIBr9eLgYEBUBSFnp4eRWJfbJaTmchm2xkIBBAIBNLmBgsLa3LS8orJy4I+9TwM\nu/8F5MxQwuts33pgbQQUdxRIcxmxY33QT6dmXOQDT9KIvv9fVBlLIFeVntfrlZ2DTNM0Hn74Ybz/\n/e8Hy7L4+Mc/jlWrVuFHP/oRAOD2P5V1P/vss7jqqqsSQnYulwu7du0Sz+mmm27C1Vdfne/bWtqC\nDKTPFFDamYM2GhEPhXDgoYcwsHdvWkPtwXQ7PgG0tjei/KN/i4q7vwConJolCHEgEEhpyaRGDrGA\nz+fDwMAACILARRddlLKYlot0GR/FgpwboNS2U2rsLqTlJRckJKecJbeVWixBll7vxFQ/jM9+DvS5\n1xK2Y7esAzbEQXHH0goxAPCMGeSbdtXOzbtqF/xUOax/ypRRA7WNhXbu3ImdO3cmvHZ7kr/Gxz72\nMXzsYx9LeK29vR3Hjx+XfZxcLHlBTodOp0M8HlcUG2y+9FI0X3op3GfO4MBDD+GdZ54BJ6Pf3JBj\nHENfvh/l3/o2Nl93DVZ/8zsw1DcVcvoIhUKw2+0IBoPo6OhI2xtPjXi0z+cTj9XZ2VmQ0X0xGwbl\nK47StDxpD0Ah5UwwGRoeHk5IywsGg9Dr9SgrK7tgaXniDDnih+Hl+6D7w49AsO9ev8zG1SA2EaD4\n4xmFWIDt3wjav0+V8+IpA2a23QlfmvRFaYWd0ji+EGbKxFL0QgaWqSAXUl1X1duLax97DNu//GUc\n/P73cezxxxEPBHLu5wkxeOWZPXjjl3uw7uI12PiVb6L8sh2Kjh0MBmG328Umpdni0YXMkOfm5jAw\nMACe52EwGAo2uk/OnBAsPbN9YZYyySlnAkK3Er/fj9nZWUxNTYll49LZtJKSaLlwLIuSU8/C8r/f\nBul3ia+z63qBi3Wg+RPzOcO5xonUgjpYuNe2QPzST6C2ZxNqJa9Ju7pMTEwgGAwmdNKWpi9muqHl\negJeisZCwDIQ5HSCpdPpCirm4HkeYZ0Oll27cPkNN+Dcz38O9/PPIzg5mXPfGAcc2n8Sh97/AXS2\nVGHT//k02j79OUBynsmPtFIh7ujoQGVlZc5ZXT4zZL/fj4GBAbAsi87OTpSVleGtt94quOxW6BrC\n8zwmJiYwODgoFtRIizkEI53lil6vh16vx/T0NGpqalBWVpbQJkkodElXEm21WmEwGPKbzY+fQMev\n7oDF9e7CHLuqG9hmAoVjsoRYgDvZBjq+X/k5pIHXWxC74u6U14XPSdoDMrmTdrp2UsJnZTKZlmWD\nU2AZCHI6aJrOq7291BS+pKQEa9euhdlsRowgcOMDD+DM00/j4He/i1mZxR0DI24MfO5LqPrq17H5\nwzdg1de+nRDflmZoyBViASUzZGlX6s7OzoQvglr+xC6XC6Ojo6ioqMCmTZvEhVbpYtno6KhYBnzq\n1KmEqrvl4GEhIL3hZutWIjXBHx8fRzQaBUVRCSKdrdKOB4/4mz9CxX9/EQQznxHB9nSBv7QENKF8\nlsv6u0CdSF8QkQ+x7XeAt1Xn3hDZG7QKcXxpVxfBXKisrEz8rKTXkNfrTahsXCoseUFWY4acyxSe\npmmAorD+E5/Aun/4B5z/3e9w4KGH4Dx4UNb47kAML/7sl/j9U79C17puTP7btzBTWYtoNIqOjg5Z\nGRrJyJkhBwIBDAwMIB6Pi8dJRhD2fGKdQnspn88Ho9GIjRs3wmg0guM4xGIxEASRtpjj4MGDaGtr\nS+thIRWjhcgRvhDIWdTLZoIvLXIRKu30en3CZ0NRUeh+excqj+4BAIRbm0FeVgW97hgIJVNiKQdN\nIFRaC+BNZYhd/o8Fj5Mpz/z48eNoamoCwzApC65PPvkkPB4P1qxZI+YUF2Is9Pvf/x7XX3892tra\nAAA33nijmNqWa1+lLL2rXQZyZ8gcx2F8fBwjIyOoqqrKaAovxKQNBgMIkkT3DTeg+4YbMPK//4sD\nDz0E+4svyjqvCMPj5JGzOLXzOnS112HL3fegcsuWhHCGXEiSzPgeg8EgBgYGRMGXzjjSjZOPn4VQ\nRm2xWFBWVoaOjg7xJpYrH5wgiIweFoIYuVwu2O12MbYoDXssRAxWTQrJsqBpGqWlpQmP29K0vGAw\niIGzL2HdC19EqXcM4aYGcNurYDadBEHkX+LMTm0ENahOEQgAxN73acC0cDFclmVRUlKS8vQgmIj9\n8Ic/hN1ux+233w6324233nor7d9EjrEQALz3ve/Fc889l9e+SljygpxphhyNZk5qZ1kWY2NjGBsb\nQ01NDbZs2ZLVFD7TImHL9u1o2b4dU6dO4cBDD+HMr34lKzODB3DeMQnnXXdj5f1fwpa/uxm2f3kQ\noOWnBEm9lQWksejOzk7ZudFKBNnj8aC/vx8Gg0Esoz527JgqYY9MYiRYdybHYNOlnhVD2EPttDch\nLU9v0CPkeAqX/vobIBqrwdywFUb6EAg4cw+SBZ6jQLw1o9LZApy1CrHtd6g2XjoyLepRFIW+vj48\n8cQTuPvuu3MuWCs1FlJr30wseUFOR6YZMsMwoil8fX29bFP4XI5vNatX44M//Sku+8pXcPD734dz\n725Ul1tRYjFAT3Kw6glUUyxs4/0wxCOgSYCEMDEOAL/7d/B/fAbMF74N7j1/K+s9SoVUSF0LhUIL\nFov2+Xzo7+8HRVHo7e1NKBpZyD55mfyDhdLoQCAAj8eD0dFRxGKxFBOd5H6EF4KFyEOORH3wPftJ\ndE4cB3/TBpC6g6ChjukPO7wV9PSbqowFALErPgsYFra6M9dn7PP5EtZKMiHXWOjNN9/E2rVr0djY\niAcffBCrVq1SZEokl2UpyMkx5Hg8jpGREUxOTqKxsRF9fX2KYpNyHd9Kmpux44EHEPqrD8J6z19C\nNzuXulGGUC0x4wP9f28Bf+33EL/tN0BlS9ZjURSFaDSKU6dOIRAIoKOjI2uaXCZyCbLf70d/fz94\nnkdXV1falet0ecgLXRwhlEYnVxMKKVWBQADj4+PiY/7JkycTFhHV6CKeCbXf+/TUYVAv/hOa1pqg\nW+sGgQnVxo5HzcC+U6qNx5U2IH7JLaqNl4lcn6+a7Zs2btyIkZERWK1W7N27FzfccINqro3JLHlB\nztR2KR6Pi808p6am0NzcjL6+vrwWr+TmNft8PtjtdvCkBd3f2Y2Kez8CYtaVcz8BIgYQvzsJ/Vwv\n2HUfB/uR76eNL4fDYQwPD8Pr9WL16tVpC0fkkkmQpQuCyZkZKef9p7S35NcWg+SUKpZl8fbbb6Oj\no0PsWCJdAJKKtFpG+GoK8sDAj1Ae/gVatpwFwcdy76AQ4vwG0NE/qjZe7MrPAbqFfSoRmhJnw+/3\ny6o4lWMsJB1n586duPPOO+F2uxWZEsllyQtyOjiOg8/nw6FDh7BixYq829sL5BJkofQYADo6OsSE\n9Phjr0F359UgXGPyD8YCxP+woGOPgbL/CvHrnwS/5v0A5j2WHQ4HfD4f6uvrQdN0QgVZPiQLsjT8\n0dnZmXWdC2tFAAAgAElEQVRBUGAhQxZqIF2pl35e0kXE6elpDA4OphgN5dOEVA1BDvJhTLhux5r4\n86CpmKJcYrlw4UZQR/JvN5QyXmUr4lv/TrXxMh5HRt48z/OyJl9yjIUmJydRW1sLgiBw8OBBcByH\nyspKlJWVyTIlUsKSF2TphS81aicIomAhFsjUxsnr9cJut4MgiLSlx3xLJ2KPvQb9ndeAGHOk7J8R\nHsAfAGKDF7oXrwf7Wh9Ob78Ps1EebW1t6O3tFVv6FIowu41EIrDb7fD7/YrDH8VcOp3tvHJlNAil\n0aHQvEOaUMgh/GRaRCxUkE9T44i57sJ7Z1/Oeww5cMcaQTPjqo03su7jiE25F7ybi1xzejnIMRb6\n9a9/jUcffRQ0TcNkMuGZZ54BQRAZ9y0EQuEXqSi/dR6PB4ODg5ibm0NbWxtqa2vx1ltv4ZJLLlFl\n/KmpKfh8PnR1dYnHs9vtIEkSnZ2duR+N3BPQ3bkT5OAZ5QfvArAZ4MMUmHX/Au4D856yoVAI586d\nw4YNhRl+nz59GtFoVLQPrampUSwmZ8+eRXV1tTibFkQt0ziHDh3C5s2bL0hYg2EYnDhxouDycGkh\nhxCXFvyVk3OnT548iZUrV2bN3MnErw0HUD71MG4Y313Q+eaC9faC+nUe12MGmJpujH/yBQSCIbGI\nY6G6uQSDQQwODmL16tVpf8+yLC6//HK8/fbbBR1HZWS96SU/Q+Z5HgMDA6irq0trCq8GQshCEGKK\nopS5olXVI/7jV6D7Px8Aee6YsoP3A/ADxOUsdOe/Bv4bjyP2kf8C1biuIHOhWCyGoaEhTE5OoqGh\nAevXr8/7s8snZFGs7nCZyFTIEY/HRYGemJgQ/33mzBnYbLaE3Ols7zeMGL5vfh4Xzbyy4GIMAFCv\nIA8AEL/mC6iorEKFJMKVrptLKBQCSZIpZeNKUhZz+VgEAoEF8Qm/ECx5QSYIAuvWrUsrCGp96UOh\nECYnJxGJRNDd3Z3fH7usCvEfvQTcuROGMwrLWicBPA/g/QBhnID+V9tBlV4Dbs1nFJ8GwzAYGhqC\ny+XCihUr0NLSAqvVWtDnJBXkaDQKu90Ot9udUtAhmMUsJSHOhU6nQ3l5ecKi55EjR9De3o5IJCIW\nuSTbdgpipNfrcY6cwBPml7HG8w7+bvDpBT9nZuJi0KPyqkzlwDatB7P2upTXM1XZsSwrPm14PB6M\njY0p6uYix8dCqYVssbDkBRlIP0NT6omcDqGXnFDSW2h4ANZSeO/7L5jv/QhsZxQupswB+B2AawDC\nBNChF3DJa6+BYx4Ed1nupooMw2BkZAQTExNobm4W4+uDg4MF+yoLVYPnz5+H2+1Ga2sr2tvbwTBM\ngo9FMBgEMB/rHx4eRklJSVEVdKiJ2WyGzWZLESLpIuLQ0BAOrBjDYIsLnb5RfLL/CRBQp+diJnhO\nD/JN9eLGABC95guKqk0pikqbsih0c0lXqSm9kcVisWVpLAQsE0FOhxBmUCrIQlmw3W6HwWAQY4Fq\nmVCT1hKc/6fvYv1/fA3UH+WVXItEAe5VI4jtERClAGWNgTr8j+AO/ADxv38WqO1M2YXjOIyOjoop\nOcmpf4Ua3bMsK85yOjo60NfXJ5oKpfOx4DgOR44cgcFgSJkdCS2XbDZbVuvFYifTk5nUtjOMGB42\nv4AZagorgrP4x/M/BYlImtHUhXVsAe1RL80t3LgJbO9VqoyVqZuL4AInLLL6fD7wPI9AIJBSBEQQ\nhKJuIcXGshDkTOXT8XhcdqUWz/OYmZmBw+EQhViIF7Isq1q3aIqiEAOJs7d/E9WBEGqO/6+i/clA\nBMGjZtDbCBiMQYAASLof+p+uAdv8d2D/5lGAohJ8Ourq6rB169a0N6d8BZnjOIyNjWFkZAQmkwld\nXV1iDma2eDJJkqBpGtXV1Qk5v1KvBsEVTmihJMyMbDbbkphN5wqVDZAu/NT8EjgiitpIEHef/Slo\nvvCMmVxwsXJQ+0/m3lAB3vfdjYWsyUvnAjcyMiJmyAj+0xMTE4hEIvj5z3+O0dFRkCSJ1157DWvW\nrMmZGprLIOgXv/gF7r//fvA8D5vNhkcffVTs0dja2gqbzQaKokDTNA4fLiyNcFkIcjrkFnMIQmy3\n22EymdJ2V1arXZJQuj0zM4Oqqm7YHn0e7NdvB/X8LxSNY5kMIfqaHjPXlqESXgAAYeBBT/0HqG8+\nC9fW+3Ha3I2ampqc5eEEQSi62fA8D6fTiaGhIdTW1qKvrw9jY2MFi2Sm2XQ4HIbf70+wqBQyG6Sx\n2GKbTWf6PJ7Tv40/6I+AIHiUxWO49+x/gGbUq7zLBne6F3REvRLpuaatiLdfqtp4cmEYRszeSO7m\n0tPTg0cffRTnz5/H888/j/vuuw+PPfZYxi70cgyC2tra8MYbb6C8vBwvvPACbr311oQS6ddffz2h\nrL8Qlq0gCzPkTPA8D7fbDYfDAZPJJBrlpKNQsWEYBsPDw2JGQ0lJCVpa5kujmS/9BDBaQP3mx4rG\nNMzFQP2Whev6KtRS7nfP1exH7clPwdR8BahNP81ZeSY3h5jneUxNTcFut6OioiLBkCldpV425GZl\nSFsoSREyG4TyaCHFKjlPuJg6lkTB4GHzC5imJkEAMDEsPn/mv6CPDlyQ48fnmkEfVW8hDwDGNt+O\n0kW4EWZbGyopKYHNZsNVV12FW27JXcItxyBImj4rTEAWimUhyJnKp9PNkAUhttvtsFgsWLNmzYJ1\nsRAW0pxOp1i6TRAEJqWdRwgCzL3fB2+ygP75dxSNT0dZ1PzKDed1NWgwT707JHiUjr6KyBM9mN70\nYZSt+zp0+vR3cDmz/5mZGQwMDMBqtYqex1KUpr0VWtmXLrNBmE2nM3wPh8NwOp2LNpseJKfxE/OL\nYIn5GDHNcfjC+edgDitMgSyA2H4bdJw6ZkQAEF+1E3OVPahYBEHOtTYkdGeXg1KDoMcffxzXXHON\n+P8EQWDHjh2gKAq33XYbbr019wJ7NpaFIKcj2WBIMFN3OBywWq1iNxAlyE2jY1kWIyMjGB8fR1NT\nE7Zt25YgAunEiL3rm4DZAvrHX1N0TgQPNOyegvOKGtTVTEFal2gMhdD0hycROfxfmNp8I8rW3Qe9\nPjGelk2QvV4v+vv7odfrcz5BJL+nXH7Ialf2SWfT0k4R4XAYJ06cAMuyOWfTCxGbflF3HK8bDoEg\n3n2//zLwBsr8ytYOCoGdWQvLyAnVxuMJArFrvgDWzS6KLzXDMFlvqko7Tsvl9ddfx+OPP459+95t\nALtv3z40NjZiamoKV155JXp6erB9+/a8j7EsBDnTDDkYDIqP2g6HAzabLS8hBuR11mBZNiGjIVmI\nc8F+8guAyQr6e8q7DjS8NgXXxVWo7JgFndRW2BiOoPkP/4nood9gatMulK6/DwZDXcL7kiJ1eOvu\n7s6Z05nNLD8dF9L7QqfTQafTJcyCMs2m1YxNx8HgEdNLmKCdCSVa/zR4BHWe5zLupzY8TwD7U8v+\nC4FZfyO4htVgXW8vSuxeTh6yXEGWaxB04sQJ3HLLLXjhhRcS/F2EbWtqarBr1y4cPHhQE+R00DQN\nn8+H/fv3o6SkBOvXr4fJZCpovEx3ZqkQNzQ0KLb3TBjrb/9pPnxx/z8qbqdTe9CNWX8ZTBtCMKVx\nBjNEomj+4zOIHv4tpjddj5L194MkjQm+ygMDA4hEIujq6pLlJwukF9hcTxMXSpDTHSfTbFpJbDrb\ne5uxhvEV6zNgiHCCGH987Dy6pgozn1EKO7YV9IQ6TUsBgCdIHKr/ILjjxxEKhTAzMyOmKV6o2bIc\nQZZ77coxFxoZGcGNN96Ip556ChdddJH4unB92Gw2BINBvPzyy2Jrp3xZFoIs/XIIjUqFNvebN28u\nSIgFpG2cBKSpX/X19QUJsRTuQ58EYzKD/uqtIBSm21Wc8cI/Z4H/fTrYuGDabQzRGJre/BViR3Zj\ndu3ViFtvxenTPHw+Hzo7OxX7KucTQ76QyD2ekth0ptn0q7pT+J8t50ESiZ/Hh1xj2DiubOG2UHjG\nDPItBaZWMohvuRmrr9iFaDSKo0ePIhqNih2igQvTxYXn+azir2SGLMdc6Ktf/SpmZmZw5513ivsc\nPnwYLpcLu3btAjB/k7jppptw9dVXF/TeloUgA4kdo0tLS7Fq1SoMDw+rIsZA4iKhIMSjo6Ooq6vL\nS4hzzSC5nTcjwJOwfO1WkIyyDtq28SAiew2YuaYUlVnyW/XRGFoP/Q4N+hcwtvpKtF/8HRjN8roE\nS1Hq9lbsdp1S5M6m54J+vLZ+CD6rD2TSn/WK2RlcPvRw/s1H84Qd2Ah6bl/uDWXCU3rErvq/Ym4w\nTdMJ6WSZurionaaYS+D9fr+iSr2dO3di586dCa/dfvvt4r9/8pOf4Cc/+UnKfu3t7aoVjAksC0Fm\nWRb79+9HWVmZ2DE6FospimvmgqIoxONxjI6OYmRkBLW1tbJbQKUbK1vqjhg6qO7Aqi//DOX/dguI\nqLIqLqMnCvo3DKZuqEQNmb1fmj4WR/vRvYidegVT66+GbeP9MJrlrVIDiWlv0qcGvV6fYLAjOH0t\nJUHOhHQ27SQ9+E/TUcTJUIql1yrXFK4b/D4IQr1rUQ4Rphn0UfU6gQBAfNvHwFdk7mQjt4uL1Aku\nny4uua4djuOWZLdyYJkIMk3T2Lx5c4I4yi0MkYNgvfjOO++goaEhbyEWyCTIUk9iwRyeIC5GvKoa\nus9+CEQooOg4dJRF1a9mMXFdDepNUzm318fiaDq4B/G3X4Br3VWwbrofJktXzv0EQZ6YmMDg4CCq\nq6uxcePGBC+L6elp0ekrHo9jcnISVVVVGQ1klgqv607jRcNbIIjUTJWLQmHcNvoTUIS6i2oAMGdo\nwoy5GzOmFZiiK+EirIiUVmKWpuClGFi5Zpy+1AsTR8HCUrAygCXGwhaJwxqOwhoKwhoIwDrnhc3n\ngc07DdvsJGzuCVg8kyCT1wT0ZsR23JPXuSZ3cQHedYJT2sWF47icaxNL+Wa/dL8JSej1+oQ/hBqm\n6YLIDA0NQafToa2tTSzoKARBkAWi0SgcDge8Xi/a29tTbET5TZch/vDz0N11PQi/V9GxSI5H/X9P\nwXlVLeorXLI8YHRxBk2H94I59hIm1+2AddMDMFkvyri93++H0+kEy7LYtGkTDAYDYrEYKIpKaU7K\nsixOnToFgiASDGSksyWpL0GxwoLDj02vYogaTvuZ1kdjuPPsj0Gxyrs5s6Awq2/DjKULHvMKzJpq\n4dGXYlZnhIcm4KViiBHpJhvzndb1vB52yg8ACJMswiQLtw6ACUAp+ad/mABkyE3nCZh5ChaGhDUO\nWGMMLpu1Ym3JuyGbQr9bubq4BIPBtF1chOsiU9cQ4byK+drJxrIRZDXheV4U4srKSmzZsgUul0u1\nO68gyLFYDIODg5iZmUFbWxt6enoyXkj8mq2IP/oSdJ/+AAjPtOJjNrzsgmtbFSpbZ0DLjGXSDIum\nIy+BOf4qJtf+BSybvwWztVf8vc/nw/nz58HzPCorK2W1P6coCgaDAdXV1WI6XfJsSfAlKNYSaRfh\nwyPm5xEjg2ldxy3RGP757H9AFx9Ju3+cNGHW3AO3uQOzxkbMGqswq7fBQxswS3HwUVFwRPLfiAcg\nb6ZdwTbCSadpsCsTjuARIBgE9IBLDxBm4K91fQntKeS0UcqHXF1cPB4PotEojhyZt7CVZsAYDAZw\nHJcxX34psGwEOVNcUoknMs/zmJycxODgICoqKsTZHvBul2c1IEkSQ0NDmJubQ2trK7q6umRd3Hz3\nOsT//RXoPrUTxLRT8XFr33JjZq4MlnVBGHn5MU2aYdF09BUwxzfDtfYykKu/gpHx+cKb7u5usCyL\niQn5fgzJf6tMsyXpwtnY2JhoOCT9EgqGQxeKfbpz2GP4IwgiffaLgeVx+8nfYdpagdmymzFjbMCs\noQIevRWzNA0PzSJARMGnXJIsgFDB50fyJEZIda5TgdVsLWr4RH+XXDn5akIQBAwGAwwGA/R6PeLx\nOHp7exO6uHg8HuzZswdPPvkkgsEgPv3pT2Pt2rW45ppr0NTUlHHsXMZCPM/jrrvuwt69e2E2m/HE\nE0+I3Wdy7ZsPy0aQ0yGnmAN4N0PD4XCgvLw8QYgFhEKTQhBKqaemplBfX59Xzz++rQexH78K/aeu\nAeEcVnwOle94Mee3gnkPDSuvLLZJsywa3/4fsCd+j/jKS2Db+hDMJSXwer0LkmWRKQ1N+iUcGRlB\nPB6HXq9PEGmTyaTqDI4Fh8dNr8NOORJCFAQPNHBmlPMUSCKMEFeOb2/+yzQjxP70s7CYfKWYKlNX\nkP8i1pHyGsuyi14UktzF5TOf+QyuuuoqPPjgg/jwhz+MkydPwuPxZBRkOcZCL7zwAvr7+9Hf348D\nBw7gjjvuwIEDB2Ttmw/LWpAFg6FMF440Va6srCytT4NAIYuE0sKRpqYmNDU1obS0NH/BaGpH7Mev\ngfjkDugnhhTvXjISQPhFAzxXl6CcV/5oS7EcWk7uA/tOHyZXXwp+1ZfA8/JLVQvJskjXSkn6SOv3\n++F2u8UFRJPJhEgkAq/Xm/cC4jTm8LDleUTJAAAeJFhYeBaNHI0gOQuGimMGQBnTgwGd8nCSmkRs\nNgCFTRykVHMWrGZrU14vBkFOh8/nQ3V1NbZv356zYk6OsdDu3bvx0Y9+FARBoK+vD16vVwxn5to3\nH5aNICs1GBLKqUtLS8VUuWzkI8jSfGVp4cjg4GDh/sq1TRj/+tOo/9JHYRztV7y7aTYK+lkWU9fl\nTovLBMVxaDzxB7CnrkK8cyMCTd+FtWyzrH3VXAmXPtJKy1pZloXP54Pf709YQDQajeJMOtcC4mH6\nPJ4z/h4kEUI5IjAgOh83JgCfRI+sbB36KfWEMB+q2TqcUfkcLo+1g0gTKV9MQc7lYyE3B1mOsVC6\nbcbHxxWbEsll2QhyOpItOAWDIbvdrricWokgS7Mz0uUrJ2dZ5EMkEsFYOI7BT34D7/n516A/rzxB\nXRdmUPXrWUxcX4N6Q+60uExQHIe284fBDrwXrpVbYbj4fujNmdtdXagVcKH1lsFgQHd3N4D5a0Do\ndSddQKQoCmabBTP1s3CWOTFjcCFO+sETUeQqwqV5E6YJGxhicQU5BBMA9fKddRyJtTPlYMyps9Ji\nniEv1W4hwDIS5GwzZKnlptVqzcvXgqKonIIsXRQUsjPSLTgJRSb5IM3MqKioAF1RAf7Hr4L7zA0g\n31bemodkedT/dgrOq2tQXzalpDVaChTHo+HUfnDvvA+TvZtBbPw3WMsuSdluMQtDCIKAyWSa/6k2\nY0o3AwftwAw5AYbwp5Q854LnAZLthJfO7ylDLWyxEgzq88+sSMcaXyW8TjfGg8MpqYnxeHxRUsuS\n7QuSUdtYKNM2QpFYtn3zYdkIcjpomsbs7CwcDgfMZnPeTm/CWJlmtdIQSFlZWdpFQSkURSESUVZ5\nJzW5b21txUUXXYTp6Wn4fD7AYkP8+3ugu+evQO5/VdG4Ag0vTmHkmgZQa1nwJAGWokBSZkQoBhxN\ngqUosNT8fzmaAkuSYGkSnOT1+d+R4v8z3HfhMT0HAvUo5WtQy7agiem84IIsCMck6cIp+jRG6SHM\nkdPgEU64AeUT0bfFetBvWFwxBgBwZVAzdgwAH9SvQXPPvLglpybOzMwgGo3C5/OlpCYuZKFPrsbF\nPp8vIZSQDTnGQtdddx0efvhhfOQjH8GBAwdQWlqK+vp6VFdX59w3H5aNICcbDM3OzmJsbAw6nQ5r\n164tODcxnU2ldOZts9lkz7yVhCw4jkvxVhYWAxPGMZoR//ZvQP+/vwX1xh7Z7ytupDB8eTMGrm3D\n2LYGcDoSHNR8FA2ARz88GMYp3WkAJMi1PAwchRKUoJyrQi3bhEa2A1VcY9p4ZT6w4DBA2XHGchqj\nm4fwe+PelPLlQo9kDNdhwKjurDQfDDEjRgyFp8xJ6WIq0cy9O9NMTk00Go1gWRb19fViauLExASC\nweCCFvqoGbKQYyy0c+dO7N27F52dnTCbzfjZz36Wdd9CIRTOVIq2JpHjOMTjcbE/ntFoRElJCViW\nRUdHatpOPrz55ptiO5fZ2VkMDAzAaDSKfyy5zM7OwuVyobe3N+M2HMfB6XRieHgYdXV1WLFiRcqF\n6PF4MDExkbiyyzCgv/xxUC/9MvPYNIGxvnoMXNuG4cubwZgTy8B5QGVR/tNxAQRhQRTpF1AJnocB\nFKy8BeVsJWrYRjSw7ajjVoDMcT5hRHBKdxoOegBucgIxYg5kmnJmtTBwNkyjGkFy4TtF58Lmr8eg\nTd2UulvDW3Axk3mmOTY2BpIk0dDQkPI76Wxa+BHi9IXOpk+dOoX29vaM37dPf/rTuOOOO7B161ZF\n414AZN2Nls0MORwO4+2334ZerxcblbrdbszMqPs4KXTR0Ol0aRuiyiHbAqE0J7qqqiqrb0bamTZN\ng/nqE/N9+nb/LOFXrnXVGLi2DY6rViBSkTmrhABAgAWvsiiTAKwIwoQw5mADl3T58QSBCDhECD/c\npB/9uiEAfwR4HgaQsPBmlHLlqGYbYAn0wEnOYsJgR0DvBEvNJXTlWEhnXoInEeNbEKQ8C3gUeeh4\nHcbN6ni2CJRyRmxkssdDWZbNeF1mK4vONZvOZTKUK8tibm5OkdNbsbFsBNloNKK3tzdBIJPbOBXC\n3NwcQqEQHA4Henp6UhytlJBOSKXhj5KSkpxxaCBL+yWSBPP5H4I3WYADL8J5zUa8fa0ZU83yMzsI\nADw4qC1tBAAaHMrhQwR6BGHJfQyCQBQ8okQQs2QQg/QYYEhs2Hkhl5ds7CqcW+RFPIEKtgkTBZRJ\np2N7vBV0jr9JPlkWNE2jrKwsIaSQqWxemE1bLBbYbDZxNq2mOX0xsmwEWSgYkELTdMEWnIFAAAMD\nA2AYBkajEevWrSs43SdZkD0eD/r7+2E0GhUtPGaNRRME2LsfxD6qFw56P+ZLc+VDACDBg1sAURbG\nNyEGfVwPH28Fp7+w9pT5UsZ04EyRiDHBExgn1Q1VUDyBy+JtObdTK+0tl8mQ4AQXCATAsizC4TCG\nh4fFGXXybFpLeysS0j3iFDJDlrYz6uzsREVFBQ4fPpzzkUkOgpD6/X6cP38eJEmit7dX8aw7W4NS\nIQWPGLoI1ouHETDL95oQWGhRBgBKF0ApF8K58R6UVs/CUMTCbOIqMUipGx4ohNJwNQbM6sawNzAN\nKONzL0wvdB5yJpOhAwcOwGazicU+4XBY7Cy+f/9+Mc8819OllNnZWfz1X/81hoaG0Nrail/+8pcp\ns+zR0VF89KMfhcvlAkEQuPXWW3HXXXcBAL785S/jscceQ3X1fHOHb3zjGymG93K58C1jF5BkUc5n\nhhwOh3Hq1CmcOHECDQ0N2LJlCyoqKsTx1AiBRKNR+P1+nD17Fh0dHdiwYUNeIZBMM2S3240DBw7A\n4/Fg88aLcTX1WZgUlDZLIQDE5myIh+Vf4EqhSA4rG0/DyoTgmqhbsOMUAsnT8PPViFxgo/ls+Cj1\n51N/EZe3AM6yF77jNEEQoCgK1dXVaG9vx5o1a3DxxRdj3bp1ol+Fx+PBtddei/Xr14vZErm47777\ncMUVV6C/vx9XXHEF7rvvvpRtaJrGt7/9bZw+fRr79+/HI488gtOnT4u//8xnPoNjx47h2LFjeYsx\nsIxmyOlQ4okciUTgcDjg8/nQ0dGBVatWpRX4QgQ5EolgYGAAgUAAOp0OW7ZsyXssIHWGLNhh6vX6\npNCHAZfH78RLugfA5iEoppI5OAcbUFrjhdGirnGNlFLzHErN72B4egUYPYXS0sztpy40RrYX40US\nqgCAKrYOZw3q/i2a2FJcxKb3SE7mQrq9CWT6LgutpO6++27s3r0b+/btE3shymH37t34/e9/DwD4\n+7//e7zvfe/D/fffn7BNfX096uvrAQA2mw29vb0YHx8v2LsimWU1Q86HWCyGc+fO4ejRo6ioqEBf\nXx9qamrShkDyLXmOxWI4e/Ysjh49iurqamzdulWV5HnhhhMMBnHs2DH09/eju7sb69atS4lDV/Ft\n6GP+Lu9jNbQ5MT1SC5ZZ+EtmRfUwWqwjcI3XIR5f/DlDGdMDexGJMQBEkV+BUzYuj8tv26VG6E4p\nuY4ZiUTEOgChF6IcXC6XKLZ1dXVwuVxZtx8aGsLbb7+dkFr3gx/8AGvXrsXHP/5xeDz5Z98sK0FW\nkngej8fR39+PQ4cOwWq1Ytu2bairq8s6htIZMsMwGBgYwKFDh1BSUoJt27ahtrZWtZLTaDSKcDiM\nkydPorm5GZs3bxZN39PRwW3DSuaqvI/X2juIoXdyL/iogY5isKrxHRijMbgmFy+MUQymQcmUsuUY\npNR9etDHCZgOz6K/vx8TExPw+/0Z1yeAxZkh58qw8Hq9Ga//HTt2YPXq1Sk/u3fvTthO6PmYiUAg\ngA996EP47ne/Kx7rjjvugMPhwLFjx1BfX4+77747j3c3z+JPPxYYkiQTFiCkJcgtLS2KPInlCrJg\ntyk4QuXje5yNeDyOwcFBuN1u0DSNrVu3yhb5jeyH4CXH4STfyevYF607j7NHe9C1UbnDXD6UWz0o\nt3rgcLWDMHGwlfgvyHEBgIjr4OSMYAwL72OsBJqvAKCslVcutvMdWN/bI+YJj46Oiv7fQm87wSFP\np9MtSgxZTtl0pgyLV1/NbClQW1uLiYkJ1NfXY2JiIiHbQ0o8HseHPvQh3HzzzbjxxhsT9hf45Cc/\niQ984AO53kpGlv0MWRBRlmUxNDSEAwcOgKZp9PX1obm5WdFFlctgiOM4jI6OYv/+/eA4Dn19fWhp\nacl4DKV+DizLYnBwEAcPHoTJZEJfXx90Op2iGTcJEtvjt6KES/W4lUvPxrMYeLsz7/3zob3WgUbz\nOCbH6xFnFn5mxvMATXQjWGRibOLMsFPq5h0T/LzNpl6vR0VFBVpaWrBy5Ups2bIFmzZtQnNzM3Q6\nHepCtFYAACAASURBVGZmZnDy5EkcPHgQ4XAYDocDLpdL7OSy0MjJQc6nKOS6667Dk08+CQB48skn\ncf3116dsw/M8PvGJT6C3txef/exnE34n7Zbz7LPPYvXq1YrPQWDZz5Bpmha7dDQ0NKCvry/vRy2a\nptO2cZK6vOWqrhPI1Hk6HTzPY3x8HMPDw6KvciGPi3qYcTnzKezVfRPxPDsid67px9A7bWhdNZT3\neShFT8exuvEU5qYqMTZag5pN+VuG5qKMXYWz9OyCjZ8vJVw9Rml1Z8er2FrU8ukrTkmShM1mS8gC\nEtLPSktL4ff7MTU1ldIxWlrMoRZyQhb55CDfe++9+Ku/+is8/vjjWLFiBX75y3nbAafTiVtuuQV7\n9+7FH//4Rzz11FNYs2YN1q9fD+Dd9LbPfe5zOHbsGAiCQGtrK/793/89vzeIZSzIghfEzMyM+Fhf\n6MWR3MZJqK4bGBiQ5fImRY4gC/7NAwMDWe08lfQNFCjh6tA7uQsn6p6enyIphKI5NLWPwmlvQEOH\n8v5+hVBSM4OVNTMYONAJujkOa0NA3fHZFpyn1BU9NaB5HRyUuu8VmJ8dK4EgCJAkiaqqqoSO4kIx\nR6bSaKEhgMFgyGsdZaG8kCsrK/Haa6+lvN7Q0IC9e/cCAN7znvdkfAp46qmnFB8zE8tKkAVbR8Ec\nvqqqCg0NDaiqqlLlTi2NIQvVdSaTKW9/5WwZGx6PB+fPn4fFYsnaWkp4z0oauQom/RUVDVhXcT2O\nG/5b0bkLGEwxlFd54HZWoqrhwmchdG4dAMnqUcJ0wEFNp+nUrBwDZ8MYQYMjiqcARKCKbcKkymXS\n1ZwFa1hli6bZ0s/SFXMIpdE+nw/j4+OIRqNiR3FBpC0WS87woZxuIUu5Sg9YZoLs8/lw4sSJhNmq\nw+FQzc+CpmmEQiEcOXIEJEnmbS4EZBZkv9+P/v5+EASBVatW5RxfGEdOLFzIUzYajZKbSDfGvefh\nLjudc/90WEsDiIYNmJu1oqRC/dlbLjgqBi/OoJmrQoyrxASV/41h3jSoGcEinB0vRJk0ALwv1gZS\noRMIz/Oy116ydRT3+/0pC4hms1kUaavVmvBEyDBM1onP3Nwc6uqKs7BILstKkE0mU0p/vOQ2TvkS\nDAbR398Pn8+HTZs2FewolSzI4XAY/f39iEQiuOiii2Tf6YVxssWsQ6EQzp8/D5Zl0xojdU3uRNTk\nhd+QX+ihsm4GzsEG6A3xBS0cyUaQdANw4yKmA2NkFCFSeWzcyq7C+SLLNxaoiNXhnEHdMmk9T+HS\neKvi/dQom9bpdKioqBCrYIH5MKMQ8piZmcHw8DDi8TgMBgOsViuCwSB0Ol3GJ0JthlxkGAyGlDs3\nTdOyK3bSEQ6HYbfbEQwGsWLFCvA8r4q9nyCksVgMDocDHo8HnZ2dqKqqUpY1kcXPIhaLwW63w+fz\noaurK6EBqBQdYcDayb/G0ZafIkzkl9/a0ObE0Jk2NHSNgaIXzoc4F7O0HSW8EfVMGxzUFHiZH2Ux\nmQalw82pn8VwcbwJVqSuSeRioXwsMi0gxmIx+P1+eDweTE1NYXx8PGEB0Wq1giRJTZCLjUwGQ3Nz\nyuNugph5vV50dHSguroaHMdhaGhIhTOdP9exsTEEAgG0tbWhu7s7r4WOdKEPIcVvcnISbW1t6Onp\nyTo2SZKg4jZcFr8dL+u+nXf8tLV3ECOnO9G4cjCv/dWCISLw0WfQytYiyFsxlSMrodhMg5KpZGtx\nzqS+h4Zc34pkLmSDU2lHcZfLhdbWVlgsFrAsK+ZMT05O4rbbbsPk5CRGR0fx3ve+F5dccgl27NiR\nc3w5xkIA0NraCpvNBoqiQNM0Dh8+rGh/uSyrPOR05FNdJ1TwlZaWJpRSZ5uNykVoyeR0OkEQBLZt\n24aGhoa8q/ek58TzPMbGxrB//35QFCV7bGGMGr4TW5mb8zoPgZaVA6hj1enQUih+ygWOcqDRZ4CJ\nS5/9UoymQcnEUVj7sXR0sBVo4fKbTS5GUQiQmGVBURRKS0vR2NiInp4evPHGG+jt7cVXvvIVrFq1\nKiE3OBtyjIUEXn/9dRw7dkwUY6X7y2FZzZDTIdfxjWVZUSgzVdcVUvIszVWurq5Ga2sraJou+MIW\nKhGnpqbE9Dg5edDJYwifURf3HniYMZylU9OA5DJNnYfZU4dQ+XTeY6gGwSNa6kQ5b0Y9swKDSWGM\nYjMNSqaULYODVN9kad1EGTycB1arVdG1AlzYGbKUXFkWfr8fGzZsENusyUGOsdBC7p/MshLkfDyR\nOY7D+Pg4RkZGCi4cyYSQqyztBDI+Pq7KYiPDMDhz5gxKSkqwYcMGxel3QGocejP7YXhJJybJM3mf\nV6xsClXsCripkbzHUJMYEUKMPoNWtg5+mOGmfChjeoo6bgwANF8JnlA368PG6rE6WIXpwDQGBwfF\n5gtCdoPNZsuaK7xYgpzruLFYLGN6aCbkGgsRBIEdO3aAoijcdtttuPXWWxXtL5dlJcjAu3m5AplC\nFtJ85erqakWzSrl5v5ntMOcfuSKR/FfNhcyJubk5tLS0oLW1Ne+xkgWZBIXL4rdhr+7r8JP5zXJ5\ngsMcOY4ytg5eajLvc1MbPzUJ8AQavJfgOKUH8u/EteCYOJPqZdIAcBnThpaGJvH/BVN3v9+f0EaJ\npukEkTabzeK1shiCDGR+Ss1Wur1jxw5MTqZeg1//+tdTxs40/r59+9DY2IipqSlceeWV6Onpwfbt\n22XvL5dlJ8jJUBSVIDbSwgil1XUAZF2QQoocwzDo7u5O60BViJWnNHPC5/MpOv90JN/EeJ4HzRnx\nXvY2vGx6EAyR342DJWKIkl5YuAoEyeIpQzayVfjK3r+Ey1+Kq7on0LTpFfC24pspz5dJqxuumG/R\nlFiZRxAETCYTTCZTxlzh4eFhhEIhUXT0ej28Xi+sVquq5dGFkk4Q1TAWamycb/paU1ODXbt24eDB\ng9i+fbvs/eVSPJ+kSiSLi5TZ2Xl7QYvFkld1HfDujDudIEciEdjtdvj9/qxpZoByQc6UOeH3+/MS\ndinCTYbnefG/PM+jjGjEpbF/wBv6H+VVXg0AMSIIM6+HgbcgSiy+jaWes+EHez6LIe/8gtbu0w0w\nnvso3t/tQtPGV8CXFEHcGwDN0xikQqqPu56pR7mMFk1A+lxhweAqFovB5XLBbrenlEfbbDbo9XrV\nbGaB3E+l0Wg0ra1ALgRjoXvvvTejsVAwGATHcbDZbAgGg3j55ZfxxS9+Ufb+Slh2gpwOlmVx+PBh\n0DQtq/otG4IgS2elUjvM9vZ2rFy5MufFKFeQpcZCjY2NKYuNyU8A+SAsDLIsK174wjGa2HVYG/8g\nTuh/l/f4IdKDEq4ODOJgicVzTyMZHR5/7nYcTWoTFWEJ7D5dB8PZv8VV3VNYselVcCWFxQILZb5M\nWn2r0cvzTHUToCgKOp0ONptNtJ3MVB4tbCcItclkynsRO1dmR75Ob3KMhVwuF3bt2gVgfs3mpptu\nwtVXX511/3xZ1oIcCATQ39+PaDSKNWvWqJI0LhVSaWZGS0sL+vr6ZF9wuaw8k42FMsW4pRkS+cDz\nPHQ6HdxuN8LhMGw2G0pLSxMWdtYwO+HmhuA0nsj7OHPkJCrYFrhJJ3gVPCeUQvI0Xtv/j3jTmbnl\nTpQjsOdMLfTnbsKOrim0bX4VfOkiCDNPwEmqnxfdyJagh60ueJzkxbVM5dFCQYdQeSeEPPJxhCvE\nCzkbcoyF2tvbcfz4cUX758uyE2SCIBAOhzEwMIBQKISuri7xkUoNhDS6sbGxguwwaZrOOEP2+Xw4\nd+6cWAqe7dzzXRwUwhMcx8FgMOCSSy4Rm6/6fD6Mjo6KsxyGYUDzq2B7zxT+f3tnHh9Fff//1+wm\n2RxLbnKQhJy7OYAk5OAQpCoiCiqW2lZbf2ip9lsql0eVb/utIiqIUkG5VFAUq+BVi0eAInLIkQsS\nrtwHuUnIsVc2e818fn+kM91NdpPZMyHs8/Hg8WCT2ZnPbmbe85738XorRbYn6LqFjQijE9EuvGrz\nPmyCULhQuhSfX+SnU6tjKORVhsOj8mHMim5E6qyfIAhxXSgjjI5CmYft3aWWuM2KEU1DwbcO2cvL\nCyEhISahu4ENHSqVCjRNw9fXd5AinDHDKb0pFIohp+XcKIw5g9zc3IyrV6+atCE3NjYOCjPYAiEE\nWq0WV65cQXh4uNX1vsaYC1kYa06kpqbymkRtbbOKsSEGTDPDxokdmqa5ySrjx4+HQCCA6NJc9KZ/\nBcbL9uqQTmEtImgprglrbd6HtbTW/Ao7zs60+n0GCHCiOQ5nPo/FrOhmSKcfh0eY8w2znHL8ZelD\nPHGLfqJD9mVPlQXb0DFQEU6tVkOlUqGnpwdNTU3Q6XTw8vLiDDT7XkvYqoU82hhzBjkiImLQbDxH\nCAyxcpgMw9hdZgaYGmS+mhPD7WcoBibsLJXosA0sV69e5bx/1htKRCLimAj8QLaAULYnEq8LqxBu\nkKDdo87mffClt2U+Xj5yt1370BMKx5ticKr5EcxN6kZi9g9AcIuDVmhKsGE8qpwQO75FPxEiB13u\njh5wSlEU/Pz84OfnZxKX1ul0UKlUUCqV6OrqQl9fH86dOzco5CEUCseEjgUwBlunzY00srZ92hil\nUonz58/j6tWrmDRpEqKiohzSNsp6trW1tSgqKkJgYCCmT59ulTE23s9QEEJA0zS3nUAgMGuMZTIZ\niouLOUW7uLi4QZ81jJEgV/9rq9Zoji5hLUJpx3hsFumeiWcPPOSw3RkIhcPVIXj3s1+h9KtfwNAe\n6bB9c8eA7QlnS7AjmhyFK+qQWQ2LkJAQxMXFITo6GtHR0cjIyEBERAQIIWhtbUVJSQkeffRRvPfe\neyguLsa///1vdHTwmyTT3d2NefPmQSKRYN68eWanRVdWViIzM5P75+/vjy1btgAA1q5di6ioKO53\nbMzZrs9t5Sws12djrIRhmEHecF1dHXx9fa3SSrUkh9na2gqtVov4eNunL7OVE2VlZZBKpUPO3RsO\nhUKBhoYGTJkyxexxLIUnjFGr1aipqQHDMJBIJLzGpxd6fopqz5M2rZlFyHjCl4Q5pXHESzUZy/6x\nCjrGeQ+BAopgboIM0pwfQUIa7N6fPxOAesqDt0IdX9IMYXi6b7bD9ldaWoq0tDSbysxspaWlBYQQ\nREdHD/qdTqfDq6++ir6+PojFYly+fBnffvvtsMnC5557DsHBwVizZg1ee+019PT0DNn2TNM0oqKi\nUFBQgNjYWKxduxZisRjPPvssn4/A66865kIW5uCrZwGYqryZk8McOMbJGgZWTvj5+dkd+jDnIfM1\nxGy5HvtZjetNhyNH/2soBNfQLqyyee20QI9efSc8dL4w+Diu5tZbE4/Vnz3pVGMMAAyhcKQ2CEfr\nFuOOeDmSc34ECb1q8/5I3zgQP8cn8+5woHcMjEzrNE3TFm8AbM3zwoULrZr4bK0OxdGjR5GYmIjY\n2Fir1m4NYy5kYY7h9CyA/rgYGz5gVd7Gjx/vsPCHTCZDUVER2tvbkZWVZbPc5kCMY8hsaMJgMIBh\nGK6eeOBxWMW54uJiiMVi5ObmWmWMgf726tnaP8CPsS7EMhDGUwsfkQe8aN/hN+aBtz4cf/vyKci1\n1mka2ANDKPxQF4gdn/8cFQeXgrpuvQEUMSI0+zhe3D+Y9kGqJpSbvG5vzTrQf/64Wu2NT5WFtTFk\na3Uo9u/fj4cfftjkZ1u3bkV6ejqWLl1qNuRhLWPOIJszckN5yKxxKigogIeHx7CSldYaZLVajdLS\nUtTW1iI1NRVTpkwxEUCxd3y6cVMHe8FZMsSsh15YWAi9Xo9p06bZJf3pDTF+pl0GD2Jf9Ypa0AOh\nVggBbZ9HK6IDsenAM2hWjIxABQGFH+sDseOLRSjL+z3QkcT7vUEkCnqB44X9bzckwFPoAYqiwDAM\nNxRBr9dDr9dz54y1lTqO7MLjA58Bp+YaQ+68805Mnjx50L8DBw6YbDecDoVOp8M333yDX/7yl9zP\nli1bhrq6OpSWliIyMhLPPPOMDZ/MlJsiZGHOQzaWwwwLC+M9lZpvVYNOp0NNTQ0UCoXFygk+k6eH\nQyAQQK1Wo6WlBQEBAfDz8zN7YimVSpN5etaqYlkiiERjpu4x/OT1ns3t1QCg85UhhJ6ITmJb44jQ\nIMLugytxpcP+xgd7IaBw/GoATly9D3NilZicexIkzHJox4N44KoNI6eGw5MIcBudaFKayRpetiuT\nDW8Z/0wgEHAe8EjoHpuDj0E2JwzvCB0LADh48CCysrK4KhD2/SxPPPGEVeESS4w5g8zHQzYnh8mX\n4TxkY82JhIQEpKamWrzz2mOQjS+ktLQ0yOVy1NXVQa1WQygUwt/fH/7+/hCJRFwiUiqV8qpttpaJ\n9FRMMSzAJc/v7dqPrY0jAuKBb44/iTNNtidanQEBhRMN/jjRcC9unajElJyTQETloO3GM9G4JnR8\nqZu0axx6ujpg+I++hFAoNGto2fOI9ZTZ0JexJ8x6kK72jFn4TJy2dlKHNToU+/btGxSuYI05AHz9\n9deYPJlf49FQjDmDDFiW4BxKDpMvlgwywzBobW21qDlhDlsU38wl7AYKwOj1eshkMjQ2NkKhUMDT\n05MzzP7+/lz9piMvrin6eyGjWtHkUWLXfqxtHKGIAMXnnsB3VYOrTEYTPzWOw0+NCzEr+mfIyP0J\niPyP1jSh0GZHTfdQ3E36nYHW1laoVCowDAM/Pz+MGzeOOw88PT0tesMDBacYhoFS2X/j0Ov1Jkba\n2Z70cB6yRqOxuhuXj44F0C8udOTIEbz77rsm73/uuedQWloKiqIQFxc36Pe2MObK3oD+cIHx51Io\nFFyyTiqV2tViSQjB2bNnuakExpUToaGhiI+P5929d/HiRcTHx/PyWvlWTrA6z+yNITo6mtO7UCgU\nUCqVUCgUgzxpRxhpA7Q47P06ZAL7myZCeTaOXC3/LTYeG3522mjjligVMnNPITxcjitCx06TBoAE\nOhh/0841+RnDMFCr1dx5oFQqodfr4evry6m0sU9VA2GT3kqlEsnJyfD29uYMtTHOMtJFRUXIycmx\neM7PmTMHJSUlI+bB88Bd9mYsh+np6YmcnBy792n8B5fJZKiqqoKPjw+ysrKsjsvy8ZD5dtgB/YXu\nNTU1CAwMRE5OjsmNwdPTc5CugLGRvn79ut1G2gMi/Ey7DIe8N9gttdnfODL0xBF54303pDEGgDMt\nYpxpno87C9UITr8O0cJKaFMcV4891zA4oWg8qZmFVWpTKpWQyWScholIJOLOAb1ej8bGRsTGxkIq\nlZqt2hnoSQMwqf4RCoXc+2wx1HwSiaPYGPNmTBpk9m5uLId59uxZh+2fYRiUlpZapTlhjuEM8sBY\nnqUTmRXEFwgEmDx5Mu9QjCUjzXrRthhpMQnFbO0f8KPoLRDK9qqB4SaO0J1zsOa7xTbvfzQwvZnB\nD1/4AV/4AX+LQ2RUL9IX9CD8583QzqoG8bTt+/MnIuTSgxsozGGs1GbctqzVatHd3Y3a2louXNDW\n1gaVSsV50uwEEfa8NI7xujJ5OFw440ZibHyKAdTW1sLHx8cqOUw+sJUTfX19SElJQWhoqF37s2SQ\n+YYndDod6urqOEF8R/TymxMlt9ZIe3WOR6h6Gq5L8+1ai6WJI56KTCz/Yold+x5pRAxB05emf9O2\nFj+07fIDdkUjMHAasuYqEbmgGczdZaCD+DfOzDHEwxP2NW50dXWhsbEREokE48f3V64YP1HV19ej\nt7eX87rZ80AsFvNKHrLnuLGULWA55DGU9yuXy8eE0hswRg1yamrqIEPH1mHaYqAHVk7YktE1x8AE\nIV9DzNZOt7W1IS4uzmFNJpbga6QpiuKy4VlJ96JG74Faz1N2HXvgxBHvPglWfL4MNBmZmW6OIreM\nxqkWy5efTCbAj18FAF8FwMMjDRkzNEi8p70/tCG1HNoQEAq3GWwXoe/t7UVFRQX8/PyQm5tr4nma\ne6KiaZqLRzc3N0OlUoEQYmKkx40bZzJhnU/ykN03G6Me6vodK8JCwBg1yOZgjZ81/feWKidaWloc\nonjFesjWJOw6OjpQX1/PyX+O1LBJYyPN